lastAccountName: '*Aclamendo'
timestamps:
  login: 1594954056554
  logout: 1594954105726
  lastteleport: 1594929029864
ipAddress: 192.168.1.254
lastlocation:
  world: survival
  x: -96.97205
  y: 64.0
  z: 38.979877
  yaw: 121.25934
  pitch: 7.8946533
logoutlocation:
  world: survival
  x: -397.6259
  y: 86.0
  z: -286.62518
  yaw: 52.90245
  pitch: 7.894821
afk: false
