lastAccountName: _DavidJones1000
timestamps:
  login: 1594953432855
  logout: 1594953468269
ipAddress: 192.168.1.254
lastlocation:
  world: survival
  x: 16.0
  y: 64.0
  z: 100.0
  yaw: 0.0
  pitch: 0.0
logoutlocation:
  world: survival
  x: -83.5
  y: 64.0
  z: 39.5
  yaw: 2.345581
  pitch: 3.751831
