lastAccountName: Cenix_
timestamps:
  login: 1593720991203
  logout: 1593722861445
ipAddress: 206.132.52.88
lastlocation:
  world: survival
  x: 16.0
  y: 64.0
  z: 100.0
  yaw: 0.0
  pitch: 0.0
logoutlocation:
  world: survival
  x: -81.20407883790436
  y: 64.0
  z: 32.84080315751089
  yaw: 246.70454
  pitch: 20.053242
