lastAccountName: Aclamendo
timestamps:
  login: 1595461814497
  logout: 1595462097231
  lastteleport: 1595461905376
ipAddress: 173.138.95.241
afk: false
lastlocation:
  world: test
  x: -192.0
  y: 67.0
  z: 240.0
  yaw: 0.0
  pitch: 0.0
logoutlocation:
  world: test
  x: -179.41161565391315
  y: 69.0
  z: 245.46905123801687
  yaw: 180.59998
  pitch: 18.867191
