lastAccountName: ES64
timestamps:
  login: 1594600200494
  logout: 1594601869303
ipAddress: 76.202.116.82
lastlocation:
  world: survival
  x: 16.0
  y: 64.0
  z: 100.0
  yaw: 0.0
  pitch: 0.0
logoutlocation:
  world: survival
  x: -1311.9398691981644
  y: 71.0
  z: -675.7632709516125
  yaw: -291.70935
  pitch: -4.6500688
