lastAccountName: SGBabe
timestamps:
  login: 1594871874595
  logout: 1594872743775
  lastteleport: 1594601231362
ipAddress: 76.229.218.138
lastlocation:
  world: survival
  x: 725.8782459444413
  y: 78.0
  z: -2922.61309049956
  yaw: 186.61032
  pitch: -9.299919
logoutlocation:
  world: survival
  x: 542.8055587680747
  y: 104.0
  z: -2043.2198285479685
  yaw: 67.64957
  pitch: 22.500002
nickname: BOnes
