lastAccountName: MagicJini
timestamps:
  login: 1595211157892
  logout: 1595212265212
ipAddress: 166.177.120.46
lastlocation:
  world: survival
  x: 16.0
  y: 64.0
  z: 100.0
  yaw: 0.0
  pitch: 0.0
logoutlocation:
  world: survival
  x: -111.51580254501279
  y: 63.0
  z: 42.233369857384034
  yaw: -89.660065
  pitch: -0.5797112
