lastAccountName: mmeinhold
timestamps:
  login: 1595361401474
  logout: 1595361483408
ipAddress: 98.231.92.62
lastlocation:
  world: survival
  x: -472.7871728644993
  y: 65.52688864046135
  z: -24.03042343662237
  yaw: 73.07031
  pitch: 34.35047
logoutlocation:
  world: survival
  x: -416.836360908991
  y: 77.0
  z: 13.723967831152883
  yaw: 59.395508
  pitch: 60.449562
