lastAccountName: Edko2003
timestamps:
  login: 1595470948737
  logout: 1595474311466
ipAddress: 108.253.11.65
lastlocation:
  world: survival
  x: 16.0
  y: 64.0
  z: 100.0
  yaw: 0.0
  pitch: 0.0
logoutlocation:
  world: survival
  x: -85.27840543094848
  y: 64.0
  z: 40.84382655294249
  yaw: 200.12193
  pitch: 6.814754
