lastAccountName: yourmomfunny
timestamps:
  login: 1594646282024
  logout: 1594648021894
ipAddress: 98.231.81.51
lastlocation:
  world: survival
  x: 16.0
  y: 64.0
  z: 100.0
  yaw: 0.0
  pitch: 0.0
logoutlocation:
  world: survival
  x: 787.0340211247674
  y: 60.0
  z: -2759.381972396016
  yaw: -161.75433
  pitch: 36.14986
nickname: Goozman
