lastAccountName: Jar_of_mayo
timestamps:
  login: 1595471727114
  logout: 1595475052424
  lastteleport: 1594434647690
ipAddress: 76.106.159.173
lastlocation:
  world: survival
  x: 482.30488951269416
  y: 68.0
  z: -1967.3244332096601
  yaw: -51.61126
  pitch: 30.767473
logoutlocation:
  world: survival
  x: 535.6999999880791
  y: 66.0
  z: -2026.4487875931331
  yaw: 25.235281
  pitch: 4.7015986
