lastAccountName: CONDO69
timestamps:
  login: 1594950781196
  logout: 1594950873836
ipAddress: 73.224.128.46
lastlocation:
  world: survival
  x: -825.8460636373161
  y: 69.0
  z: -160.44569699668145
  yaw: -3.2316895
  pitch: -21.600115
logoutlocation:
  world: survival
  x: -824.3000000119209
  y: 63.875
  z: -164.30000001192093
  yaw: 74.72742
  pitch: 22.19982
