lastAccountName: Nerve2023
timestamps:
  login: 1594516890469
  logout: 1594522657189
ipAddress: 73.172.194.72
lastlocation:
  world: survival
  x: -450.99558466719856
  y: 63.0
  z: -10.185325243738045
  yaw: 193.78508
  pitch: 16.049728
logoutlocation:
  world: survival
  x: -517.8672535102716
  y: 71.0
  z: 23.84516010385311
  yaw: -142.77802
  pitch: 26.399687
