lastAccountName: SneakingHydra
timestamps:
  login: 1594758910482
  logout: 1594760098938
ipAddress: 172.11.3.32
lastlocation:
  world: survival
  x: 16.0
  y: 64.0
  z: 100.0
  yaw: 0.0
  pitch: 0.0
logoutlocation:
  world: survival
  x: -400.463692810572
  y: 85.9375
  z: -283.8192317035441
  yaw: 269.71985
  pitch: 8.630451
