lastAccountName: NineAAAAAAAAA
timestamps:
  login: 1593573866410
  logout: 1593574580398
ipAddress: 100.36.75.67
lastlocation:
  world: survival
  x: 16.0
  y: 64.0
  z: 100.0
  yaw: 0.0
  pitch: 0.0
logoutlocation:
  world: survival
  x: -488.8663874330786
  y: 14.0
  z: -996.6999999880791
  yaw: -269.84167
  pitch: 22.34986
