lastAccountName: TsunamiVishi
timestamps:
  login: 1594406447662
  logout: 1594406462536
ipAddress: 107.139.174.17
lastlocation:
  world: survival
  x: -358.28504171629754
  y: 70.875
  z: -924.7694610200076
  yaw: -8.665527
  pitch: 24.60011
logoutlocation:
  world: survival
  x: 403.97801201375466
  y: 71.0
  z: -1017.457309607822
  yaw: 83.4483
  pitch: 14.094557
afk: false
