lastAccountName: ItsCreskori
timestamps:
  login: 1593467577757
  logout: 1593473367829
ipAddress: 68.68.183.40
lastlocation:
  world: survival
  x: 16.0
  y: 64.0
  z: 100.0
  yaw: 0.0
  pitch: 0.0
logoutlocation:
  world: survival
  x: -1623.671032989335
  y: 66.0
  z: -1154.699999988079
  yaw: 3.9957275
  pitch: 21.38891
