lastAccountName: Hunter_Knight12
timestamps:
  login: 1593452468923
  logout: 1593462758017
ipAddress: 99.125.207.63
lastlocation:
  world: survival
  x: 16.0
  y: 64.0
  z: 100.0
  yaw: 0.0
  pitch: 0.0
logoutlocation:
  world: survival
  x: -458.9089272930637
  y: 64.0
  z: -21.418670489038398
  yaw: -87.8984
  pitch: 13.499956
