lastAccountName: clockwerks_
timestamps:
  login: 1594870718413
  logout: 1594872733425
  lastteleport: 1594871849244
ipAddress: 107.139.173.183
lastlocation:
  world: survival
  x: 788.7724401117018
  y: 102.74240225008337
  z: -2945.7730792028096
  yaw: -131.81613
  pitch: 5.0773993
afk: false
logoutlocation:
  world: survival
  x: 531.3198502545233
  y: 102.14054253198825
  z: -2044.775534891898
  yaw: 278.82855
  pitch: 35.307743
nickname: Kim-Jong-Un
