lastAccountName: lightninglogan
timestamps:
  login: 1594435649338
  logout: 1594436124645
ipAddress: 76.202.117.210
lastlocation:
  world: survival
  x: 16.0
  y: 64.0
  z: 100.0
  yaw: 0.0
  pitch: 0.0
logoutlocation:
  world: survival
  x: -399.2175590187734
  y: 89.0
  z: -292.52465990802955
  yaw: 246.85797
  pitch: 47.56313
