lastAccountName: Booiee
timestamps:
  login: 1593628783662
  logout: 1593629659446
ipAddress: 47.225.32.50
lastlocation:
  world: survival
  x: -125.84239646706844
  y: 69.0
  z: 57.79770294838922
  yaw: 145.6994
  pitch: 55.934418
logoutlocation:
  world: survival
  x: -356.80572324787187
  y: 69.5
  z: -909.1569955116918
  yaw: 74.552
  pitch: 11.191477
afk: false
