lastAccountName: Phoenixninja97
timestamps:
  login: 1595040632384
  logout: 1595042087661
ipAddress: 73.171.173.81
lastlocation:
  world: survival
  x: 16.0
  y: 64.0
  z: 100.0
  yaw: 0.0
  pitch: 0.0
logoutlocation:
  world: survival
  x: -825.1780477347642
  y: 69.0
  z: -160.41516673510358
  yaw: 41.996307
  pitch: -8.399966
