lastAccountName: Sauce3Boxxx
timestamps:
  login: 1595370830542
  logout: 1595375706166
ipAddress: 73.104.16.78
lastlocation:
  world: survival
  x: 16.0
  y: 64.0
  z: 100.0
  yaw: 0.0
  pitch: 0.0
logoutlocation:
  world: survival
  x: -604.3000000119209
  y: 56.0
  z: 182.69999998807907
  yaw: 301.20364
  pitch: -13.350058
