lastAccountName: Ain_Kun
timestamps:
  login: 1595530532338
  logout: 1595541049705
ipAddress: 45.17.30.215
lastlocation:
  world: survival
  x: -310.8706316903473
  y: 112.0
  z: -620.3458867255567
  yaw: -19.772173
  pitch: 31.254477
logoutlocation:
  world: survival
  x: -736.9322761438053
  y: 41.5625
  z: -574.5854744720848
  yaw: 128.76624
  pitch: 14.191186
