lastAccountName: PizzaSquish
timestamps:
  login: 1593595760700
  logout: 1593595783606
ipAddress: 97.124.170.237
lastlocation:
  world: survival
  x: 16.0
  y: 64.0
  z: 100.0
  yaw: 0.0
  pitch: 0.0
logoutlocation:
  world: survival
  x: -80.72400981358872
  y: 63.0
  z: 29.35993206907363
  yaw: -143.56792
  pitch: 10.909298
