lastAccountName: badderthrone
timestamps:
  login: 1595041580497
  logout: 1595041745457
ipAddress: 73.224.89.195
lastlocation:
  world: survival
  x: 16.0
  y: 64.0
  z: 100.0
  yaw: 0.0
  pitch: 0.0
logoutlocation:
  world: survival
  x: -889.8399653233546
  y: 61.555319127906195
  z: -160.61533868383944
  yaw: -278.24225
  pitch: 34.500027
