spawns: 
  default: 
    world: survival
    x: -83.48689765796337
    y: 64.0
    z: 39.65899245524759
    yaw: -217.93922
    pitch: 3.7534325
